0.4
1.3
1.38
1.4
1.4
1.4
1.41
1.44
1.49
1.5
1.5
1.51
1.52
1.54
1.58
1.6
1.6
1.6
1.6
1.6
1.61
1.62
1.64
1.7
1.7
1.7
1.7
1.75
1.75
1.77
1.8
1.8
1.8
1.85
1.9
1.9
1.9
1.9
1.9
1.9
1.9
1.9
1.9
2
2
2
2
2
2.07
2.1
2.1
2.1
2.1
2.11
2.14
2.2
2.2
2.2
2.2
2.2
2.2
2.26
2.29
2.3
2.3
2.3
2.3
2.37
2.4
2.4
2.4
2.4
2.42
2.46
2.47
2.5
2.57
2.6
2.6
2.6
2.71
2.74
2.75
2.77
2.8
2.88
2.9
2.9
2.9
2.91
2.94
2.97
2.99
3
3
3
3.05
3.1
3.14
3.2
3.2
3.36
3.58
3.6
3.6
3.61
3.7
4
4.23
4.4
5
5
5
5
5.1
5.3
5.4
5.48
6
6.17
6.2
6.2
6.3
6.6
7.31
8
10
11
11
11
11.8
11.8
16
16.3
17
17.8
17.8
18
18
20
22
23
32
46
56
60
62
70
80
90
120
700
